400 1000
195 248
-181 103
372 377
-57 -22
-386 213
-69 102
99 267
12 164
-355 66
-153 138
127 153
-13 96
-90 -84
160 227
-74 63
-135 139
-296 7
-343 -209
-190 21
218 299
-1 126
166 315
-245 212
-108 155
-219 195
-68 147
-327 370
-382 200
298 358
-324 137
-166 284
242 305
-323 -116
-205 -114
246 381
-269 -171
21 110
136 206
-349 -153
-267 -7
-150 240
-15 363
171 186
172 376
-362 -171
13 93
109 392
-338 148
-225 -22
-184 50
223 295
26 284
-368 353
-166 -24
-392 248
293 309
-367 241
-146 310
26 248
122 277
-141 -100
-149 158
-333 52
76 295
-344 -341
-380 -82
-97 383
102 194
128 388
-85 77
-18 183
-340 -42
27 54
266 357
-398 -350
-218 -149
57 216
1 59
-27 301
-310 216
-174 70
110 131
-375 -207
-233 -180
-17 46
-357 -4
-108 173
-341 331
8 247
-324 252
119 264
-277 33
-33 340
-125 39
-272 -180
-280 -189
120 221
131 170
-86 -13
-6 201
-266 299
-377 139
-219 -137
-80 269
-388 -271
-118 -79
25 127
-124 -49
72 224
-326 227
135 293
-119 -92
249 354
-259 16
-231 395
7 288
-277 254
-252 -46
17 385
-4 35
-317 284
-279 -168
-359 246
-261 -224
-360 263
-246 25
100 336
-71 28
-341 -107
-194 -77
192 355
-281 -216
-121 215
-104 319
30 102
-255 -168
-316 159
-314 158
332 372
196 376
-124 382
-346 -18
199 384
-159 57
-332 -191
-164 322
-76 83
-350 216
-97 382
89 99
246 384
-323 -304
-386 -293
-28 68
-172 -125
-109 39
-106 -38
-59 88
-112 384
250 301
-316 84
-295 92
-161 102
-214 260
-18 132
-321 -65
-56 285
-162 94
224 297
-357 3
-77 245
-225 354
-24 152
-340 -149
-197 358
13 220
-198 -47
-281 -128
52 305
-88 312
-353 8
-186 166
-317 -137
-120 285
-176 -121
-376 -28
17 36
-305 86
-392 -355
-123 242
-373 330
-126 65
19 79
88 194
-109 13
-256 -105
-348 288
-245 330
23 273
93 278
-178 -6
-223 231
-125 250
-194 -165
-220 370
-377 170
-301 203
-22 159
-302 -19
234 275
124 259
-290 376
-67 289
-390 203
-274 64
-285 253
150 321
108 245
-281 117
-179 269
-245 -193
-230 393
-228 -56
-31 102
-300 -270
-143 -54
-388 -310
-116 236
-256 -115
-39 232
-343 390
-111 341
-350 258
301 389
-187 -149
-189 126
-246 -217
-93 317
38 218
-14 180
-182 165
-9 284
-194 168
-355 -266
-220 -11
-396 73
-222 130
-396 -37
-352 188
150 340
-224 384
-92 144
-285 -88
37 244
-69 203
-193 -12
246 312
-317 182
-187 267
-243 187
-147 166
-66 114
-285 -200
-335 74
-337 31
-151 -4
-260 -121
-224 -69
55 170
-281 387
-151 279
-118 90
-302 23
-167 -67
-331 -230
-313 -109
-273 -270
-309 -49
-275 -223
52 343
-398 142
195 259
198 203
88 326
-35 52
84 372
-60 207
-243 304
-104 4
-364 -149
207 244
-396 108
-344 210
312 353
-158 27
-183 89
-357 374
-316 -35
53 121
-391 368
-386 218
56 189
286 384
-184 279
-260 -131
-63 219
-244 310
5 174
-69 -47
-173 -138
-242 142
-311 35
133 221
-121 162
-148 -123
110 394
-386 -146
208 324
-230 -198
334 391
-276 119
-287 -156
4 109
-67 353
-343 -193
143 196
-383 -128
-293 195
-312 -156
-380 -86
-234 -13
-154 -93
7 216
-123 11
-352 173
-79 385
-94 183
-127 390
-354 -112
-236 56
-40 22
160 375
-329 -92
-259 -228
-396 -39
-94 338
-116 -57
-36 182
-290 -195
-242 312
8 210
-110 169
-25 28
-203 -82
-153 116
-64 117
-198 129
-293 -139
-151 70
-381 -331
-368 181
-360 -224
318 327
-147 67
56 101
-318 -78
-160 45
-303 -225
52 381
-296 386
-12 133
-290 -10
297 332
36 221
50 375
-304 331
-185 288
26 374
-211 326
-393 35
-48 84
-70 365
-363 -205
-120 -18
-362 322
-186 135
-394 -274
-351 197
25 316
-55 324
253 261
41 300
-367 47
-18 60
-391 107
-392 -270
-221 -10
-204 -95
-379 -366
-232 -230
-75 197
-309 -273
-111 393
-377 227
-128 256
-336 223
42 391
-141 -121
-301 -143
-153 274
41 286
-28 242
-384 -2
79 184
102 128
-31 239
3 336
19 35
-11 326
-272 37
-146 322
-180 385
-176 -20
-26 167
-2 151
37 83
164 397
144 342
245 369
-267 -25
-179 -133
-216 175
-5 285
-335 -216
78 190
-147 90
-351 79
158 273
-361 -288
-329 -305
-325 -183
-327 -87
66 177
23 272
-276 302
-58 134
-237 199
-99 340
-321 -283
121 204
-151 223
120 285
-237 139
231 276
-308 -107
-378 -120
38 97
-171 87
53 254
-236 42
48 187
-258 -103
-59 252
-345 244
-118 363
-381 288
-347 -318
97 315
2 388
-343 267
38 119
-258 -25
-160 354
-200 254
-147 -40
-332 -40
-78 98
-104 218
-351 305
-329 84
98 110
-211 330
-162 152
-325 -95
36 49
125 288
-191 -187
133 180
-191 83
340 392
-128 73
202 310
-201 -174
-87 173
-49 -10
335 375
-275 -27
-375 375
-320 230
-295 -128
-366 358
-329 -101
-360 -302
19 114
9 110
-359 -303
-312 -105
-207 363
-360 -269
130 225
48 133
-361 123
379 380
-94 115
-344 -255
-255 -114
-364 319
-313 301
-155 306
-105 137
-381 -151
-122 91
-174 170
-392 217
113 264
-320 351
-122 188
-288 120
201 362
-74 189
-44 360
31 159
-285 29
-197 76
243 348
-366 280
-33 389
381 394
-302 100
-344 -68
-158 261
136 282
12 392
227 280
-42 20
-144 389
-128 20
204 327
-189 -172
-327 -38
-265 44
-99 281
-183 -13
-281 148
-256 54
257 374
-32 191
-349 -11
-277 219
34 153
-319 -86
95 131
-163 -83
178 192
-277 4
-193 -119
-126 -9
-8 333
89 289
-198 263
-104 214
-312 -272
-63 286
20 122
-18 17
-395 -192
-253 -106
-227 188
-398 -156
104 328
-308 285
50 136
-78 299
-167 -48
-310 -290
-98 13
-27 272
217 292
-347 -143
-119 170
-319 41
-371 -12
228 235
-327 106
286 352
-8 369
-259 372
-89 88
-383 -92
-305 -132
-61 265
-334 30
-228 -34
301 315
380 384
-233 348
-93 33
-320 274
-350 244
141 166
-186 22
183 301
-44 334
-215 -192
-42 343
-67 371
43 165
70 355
11 55
-171 388
-386 272
-191 348
-355 389
-187 9
-337 -200
119 168
-116 -39
-30 244
-268 -18
-237 271
-279 49
-344 -298
-20 -10
-322 251
251 256
-89 302
-104 50
209 327
183 206
113 345
-374 -230
-258 313
154 236
200 259
-250 -44
-386 -274
-340 390
-299 -261
-241 -97
-34 380
-314 -244
-18 361
-69 285
-189 185
184 381
-216 33
109 144
-64 -48
-290 -161
218 228
22 171
-265 376
54 117
-208 394
-303 39
-180 -147
-119 -88
-396 232
129 138
210 232
-155 258
-191 -176
-314 -82
66 263
69 297
150 313
-330 -165
-290 -23
368 380
-119 272
-175 -29
-233 -159
195 283
210 333
-162 105
255 368
-216 95
-5 397
-103 289
-365 247
-266 -193
188 262
-16 204
142 331
-258 -63
104 215
11 162
-234 272
107 289
218 331
-294 -80
63 95
-233 -231
-262 152
-88 -47
-301 207
126 340
43 55
-16 117
-42 107
-44 4
-274 279
-248 -81
-339 -337
287 293
-155 276
-124 245
54 265
-318 -250
-177 -156
-287 288
233 294
-396 -176
-178 50
-370 196
-356 -100
-223 17
-350 -236
-400 150
338 371
-396 -126
-72 -10
-277 333
77 198
152 275
-338 229
160 367
278 339
360 370
-313 298
-361 -127
-328 -191
-98 312
226 285
-236 149
-41 328
-392 155
228 369
-267 62
-242 385
-224 -208
-337 -219
-199 -23
-332 13
-378 370
-118 299
-193 226
-104 49
-6 68
-345 -118
-54 352
-374 99
231 287
34 61
-340 -76
-229 206
68 232
-159 -134
-108 270
-332 253
-182 152
-400 207
-208 210
-147 129
-29 54
-264 -244
-146 71
139 342
-252 25
-158 354
-272 89
354 387
-58 389
70 265
207 276
-158 43
-136 153
-327 219
-293 -106
-279 388
-266 -66
-385 394
-198 338
-161 203
-381 194
-393 -272
-179 68
-2 34
-317 -226
149 326
-397 -224
-268 -156
-92 161
-77 360
-331 -44
-254 252
-357 -306
261 305
296 339
-311 92
238 390
250 325
94 352
-67 359
33 150
-136 -57
-293 21
-163 297
68 364
39 216
-296 -56
-360 -179
-134 400
-269 -88
-302 -157
20 131
51 93
96 338
-21 385
109 370
-133 101
-375 -370
-44 273
-314 168
-221 109
-217 -147
-239 33
-187 339
-314 24
-238 -53
-339 181
-326 281
69 387
172 373
302 369
-207 19
12 193
68 114
-316 -241
-183 -24
57 112
-321 186
-386 312
-99 210
-384 -30
166 190
111 326
-329 -96
-311 191
-222 -214
-334 -53
73 217
203 205
-313 372
-7 -2
-224 51
247 328
75 131
-296 67
-324 -95
-141 269
-105 251
-347 355
-184 78
3 38
-61 -10
-254 -246
-83 38
21 351
-124 -103
-152 135
-236 168
-292 262
-159 -136
-54 17
-97 306
-387 -236
-189 257
172 249
-69 -26
-148 -59
-227 -104
-348 -322
-162 114
-368 -123
-212 -140
309 357
-17 391
59 130
213 391
60 89
176 243
-200 244
-196 293
-83 127
-117 11
-368 -322
-77 346
-187 -153
-323 -213
371 385
-90 362
-344 -220
-231 -118
-324 -302
-56 -21
-262 73
-270 167
-337 75
-105 -95
-299 103
-153 -88
190 262
53 244
-383 -138
308 342
-264 -40
-30 290
-336 -106
-341 -127
-244 144
-337 -50
51 382
-367 101
-124 -55
45 88
-311 84
-31 149
-350 274
-236 315
-267 134
-340 -246
-287 244
-296 275
-75 154
-106 -10
74 147
-14 385
-62 278
54 370
-168 -76
-202 -139
-29 -27
1 123
-200 67
-80 232
-237 -69
-389 -349
191 364
-42 361
-299 203
4 319
6 368
-104 -87
-115 221
-384 117
-251 -176
221 222
88 130
-29 326
-364 -184
-398 296
-332 70
27 282
-329 176
-214 -147
-276 15
-6 354
-164 -12
183 256
-389 -322
-133 37
168 260
-157 280
-142 109
378 379
-320 -282
-138 -134
-348 -230
-64 363
338 380
268 311
-181 307
-8 49
38 249
119 346
-124 181
-149 15
-31 286
211 382
