100 1000
-79 37
-87 -64
-37 1
40 45
9 84
-26 38
-8 37
-68 28
-84 89
-14 58
-12 12
34 35
-85 -72
15 54
49 83
28 42
45 79
-88 -43
23 87
-31 24
-83 -36
-37 49
-76 83
-13 -11
-95 53
-79 -13
-89 6
-7 6
-92 -18
-15 87
-28 48
-98 10
-39 78
-81 -55
9 46
-73 9
-75 50
-40 93
-46 70
-25 65
-88 -31
-86 70
74 89
-45 69
-72 24
-82 47
-11 44
-80 -40
15 16
48 71
18 55
-61 -49
-75 84
-82 42
-36 -1
33 55
11 60
-94 94
-98 93
-99 -8
-52 29
-45 -31
-78 97
-42 -1
-100 5
-50 69
30 46
13 78
35 87
-86 -51
-59 82
-24 -22
-84 5
-89 -13
-28 56
-45 1
-47 -28
-63 34
-20 15
-4 100
-80 69
-70 20
-2 -1
-69 -52
-33 -5
-39 1
-22 64
-32 -4
-95 44
-81 84
-54 89
-88 -45
-69 -47
-26 59
-74 95
-3 93
49 75
-31 81
-92 77
-93 18
-11 74
-44 19
-97 -71
-70 -62
-63 53
12 20
46 78
20 66
8 10
-20 80
-35 -17
-63 65
-12 48
-61 15
34 61
74 83
-90 65
-33 -16
18 68
-98 29
31 48
-58 35
-38 -34
-70 83
-29 15
-55 83
29 72
-42 -15
-18 70
-55 2
-23 75
-47 45
-97 -45
-32 72
-51 53
-81 76
-100 95
36 60
-31 25
54 58
43 55
-42 -14
-44 41
-47 89
-67 57
-67 -53
-89 8
-45 -2
-84 42
53 87
53 99
44 82
-84 36
-68 26
-9 24
-77 -1
23 25
-84 13
-18 91
-87 94
-39 -11
-77 -63
47 58
-22 62
15 24
-64 15
-59 -48
13 67
1 69
-71 -37
8 93
-25 35
-27 -21
-67 67
-93 91
-61 12
45 88
-49 94
-3 64
-40 78
61 66
-40 65
-61 39
-96 34
-54 11
-30 63
-99 73
-21 3
41 73
-65 45
13 61
-7 39
-52 9
-35 70
24 29
-97 76
10 14
-98 -16
-100 -37
-50 14
30 83
-95 93
45 63
13 55
-81 -41
-55 3
34 97
-51 28
87 96
43 91
-78 90
33 89
58 85
-75 90
-42 22
-100 -36
-93 -14
-77 15
-23 -21
53 75
10 34
-29 65
1 4
-84 50
-79 -37
-50 -1
-100 -30
-55 73
-52 24
48 54
19 34
-87 27
-78 -72
-49 95
53 72
-90 -66
-65 -39
-78 95
-35 -6
-99 -48
-81 67
-14 37
-99 96
-51 -44
-63 62
45 87
-9 9
57 77
-67 -16
-36 88
-23 -5
-79 71
-80 73
-75 42
-17 41
-46 -31
-11 89
-62 -23
-16 41
-79 -16
-28 1
-81 -49
75 95
-29 45
-14 75
24 56
-73 -63
-100 -39
3 13
-41 93
53 62
-13 -12
-65 95
46 81
58 87
-35 -32
14 91
-70 -64
40 57
76 79
12 76
-85 36
-86 17
-51 67
-81 -11
-32 13
-89 -25
27 70
-99 44
-54 -50
-29 92
-97 55
-49 73
-63 42
-41 -37
-72 -32
30 71
-46 71
-38 85
37 95
-96 15
-61 47
-59 -58
-98 84
-38 -10
43 95
-61 -21
52 96
-29 -24
37 53
-47 29
-92 95
34 87
-61 69
-67 -54
25 93
-29 25
-100 81
-4 62
-69 -50
76 77
57 69
-44 65
-42 5
-13 44
22 93
-86 99
-76 46
-62 60
-88 14
-84 -49
-59 63
-86 -21
-79 -55
9 20
-58 -26
-26 10
-75 40
10 85
-46 41
-48 57
49 71
-5 87
-53 74
-52 20
-8 29
-81 30
-75 -67
19 89
-9 96
-82 78
24 65
-39 67
-92 99
33 76
-38 58
-94 76
-62 25
46 96
-80 46
-51 -12
50 53
-84 94
-40 -1
46 80
-83 58
-68 -49
-99 -52
51 57
56 87
-86 -6
-65 96
-81 58
60 100
73 78
-88 55
28 61
-57 56
20 43
-51 60
-78 -74
33 60
-91 -37
-92 -68
-51 34
53 85
-78 -50
-43 73
-81 94
-76 20
-31 37
10 22
-32 2
-5 96
-77 -10
-47 -1
-2 75
-88 -66
11 20
-43 69
-1 69
15 78
-37 -36
-52 59
-39 -28
-100 -80
-7 82
-96 46
-6 90
56 67
-77 55
-61 -19
-78 74
-90 2
15 43
70 96
-50 -29
-19 -4
-1 10
-42 11
-30 34
-95 74
64 94
-50 81
-23 1
43 72
-7 24
-61 -43
-49 20
-51 -14
-2 4
9 70
55 57
-78 32
-64 27
-4 49
-75 23
-69 -51
9 36
-83 -23
-53 -17
-58 -17
33 65
-40 -34
-42 -30
76 78
35 63
-10 91
-68 35
-92 16
-31 18
-77 -48
22 95
-81 -10
28 80
-31 26
-27 49
-62 -35
-85 -35
1 8
95 98
20 79
-42 -32
-2 53
65 80
-2 66
-90 95
-12 43
27 45
-32 100
-50 73
17 91
-81 -79
-56 -29
-94 46
-15 73
-100 -53
-16 100
15 85
-79 -44
-89 -71
41 94
-93 -79
-74 -30
-83 -40
-8 49
-31 59
-28 87
-14 -13
46 61
-37 31
9 94
-16 39
-84 -12
-42 -37
-99 20
-99 63
-82 39
-33 91
-64 -32
-57 60
-79 48
-96 -36
-14 -9
-38 6
-65 72
-86 24
-57 73
-86 -44
-29 48
-55 -40
-42 10
-83 -21
-71 10
-99 -65
-72 -59
-30 33
-94 -64
-88 -68
-82 -44
-88 59
-71 -61
-67 -37
28 69
-62 -58
-6 28
-56 19
-52 4
-86 -31
19 87
-47 80
-75 -33
-96 66
-18 1
-61 76
-2 73
34 52
-55 89
-83 28
-30 2
-88 27
-90 26
-100 55
43 48
-81 -78
-87 34
-85 -33
-87 -61
-36 73
-11 4
-93 28
24 55
-59 -3
-4 82
27 90
-79 38
12 44
19 75
-81 11
-89 92
-11 -6
-30 42
48 82
-90 3
-86 -49
-26 3
-98 -47
-32 37
-44 70
38 76
-6 16
10 86
10 67
-81 -69
-57 -32
1 76
34 40
-37 82
33 39
-7 7
26 95
-63 7
-52 74
-18 80
-2 67
46 97
-38 -23
-89 -77
-82 1
-93 -36
-21 91
-25 -4
-23 18
60 63
-36 4
16 69
17 28
-32 -7
-56 53
-26 85
-57 25
-4 20
-81 65
-82 -22
1 54
20 22
-14 -8
-28 -17
-60 -37
76 88
-2 48
44 48
-29 -16
-55 -6
47 91
-26 8
74 80
-36 -4
-18 -8
-64 -26
-89 16
-54 64
-67 -26
-5 23
-15 69
-78 -8
8 74
-3 96
-5 77
-42 -13
-82 -52
47 83
-2 86
-17 12
-72 -2
-99 -15
94 99
-62 75
18 70
-60 -42
-44 -14
-81 -3
-26 78
-77 40
-38 78
-71 49
-92 -17
-67 63
-63 47
-79 89
-51 -13
-29 17
-69 -36
-5 90
-51 -30
-64 56
-4 73
-8 90
-23 10
-26 25
-4 33
82 83
-93 -82
-54 17
-55 -12
43 85
1 18
-47 24
-62 3
-91 -11
-78 73
-66 94
-35 -16
-15 41
-9 28
-16 93
-85 34
-90 63
93 96
-91 -64
-74 -63
-14 52
-39 49
-37 64
-51 13
-17 -7
-22 7
-24 74
-68 -50
38 91
-79 13
-24 91
-70 -52
-73 69
-85 -21
-35 -31
-75 34
-84 70
-60 -16
-42 100
-62 22
-32 66
-71 -36
-24 25
-84 -81
-13 41
-77 19
-84 91
7 27
-71 48
-31 92
-30 61
34 56
-42 67
5 94
-12 44
-77 -68
-62 -36
-25 58
-98 -5
-54 70
-63 99
-21 59
-56 -7
-34 27
-86 5
-59 11
-87 -81
-99 -11
-30 10
-92 22
-92 56
-77 75
76 97
-14 11
-12 52
-85 76
-45 57
-76 73
-96 -50
-84 29
-47 86
-20 41
-90 -63
-16 2
-99 -20
-41 58
11 53
-63 -22
-21 18
-63 -21
-72 -11
-99 -16
-11 25
-5 98
-31 78
-88 -22
56 58
-62 84
15 51
66 69
59 73
-50 -24
-99 70
-91 -54
-88 -2
-21 26
-100 65
-72 66
-71 -12
-75 6
-92 34
-64 2
-6 79
-81 45
-56 44
-62 95
-84 -39
-79 -2
-62 -33
-77 -73
-77 20
-14 10
-84 -63
-68 -5
-8 81
-48 72
-55 -16
-62 -61
-58 13
-2 100
-64 -59
-79 47
-68 68
-55 -18
-44 24
-68 16
-15 94
22 73
-86 -58
21 43
44 87
1 62
-12 57
-75 85
-97 14
-98 -35
70 98
-94 -61
-12 -10
-40 74
8 15
-83 45
-7 53
-61 67
-54 10
-62 45
-23 12
-94 -8
-87 69
13 52
-27 87
-26 37
-31 3
-84 -37
-29 10
27 42
-85 1
1 70
-31 -3
-74 74
-100 89
-8 63
-70 -50
-19 27
-40 -5
-22 83
-21 -3
-59 -7
46 65
-61 6
34 42
22 46
-13 -7
-25 -11
-68 -67
-75 8
-52 56
-11 41
-31 -29
-86 84
-40 23
15 68
-34 -5
-52 -18
-11 86
-40 79
24 89
40 65
-99 2
-41 -38
-23 39
24 84
-79 5
-78 22
-58 -21
-47 -2
-77 36
-86 -14
31 76
-4 47
-53 27
-82 -42
-11 14
-82 -74
-61 -54
-85 28
2 20
20 75
-40 -8
-30 -17
-11 39
-54 -30
-26 68
-12 -9
14 34
-17 66
-52 -30
-100 -61
58 66
-54 57
-81 -50
-32 44
1 66
-75 14
-69 57
-64 57
-59 39
-68 -42
-35 43
-94 -29
6 15
-100 -77
-7 80
31 66
-68 93
-6 19
-5 50
-100 -23
-30 87
-87 49
29 56
-100 -71
-75 20
-81 56
-98 -96
-54 -20
-78 -38
27 36
19 86
-46 95
-63 94
9 89
-39 -1
-99 72
-30 96
20 21
-81 10
-26 -16
-17 11
-29 80
16 18
-65 33
-58 18
-77 -13
-21 94
-21 69
-45 71
21 87
-32 -26
-99 -62
-75 49
-47 -16
17 72
-47 -45
-83 35
-63 77
-81 32
28 86
-30 46
-67 26
-2 88
35 37
-56 -39
-23 13
-11 20
-77 95
-74 -52
-59 -40
-55 37
-91 -4
-81 -48
-59 40
-82 28
-50 80
-55 85
-8 91
60 73
-90 -61
-24 83
44 75
-68 -51
46 73
-52 53
-74 57
-62 63
26 93
57 76
-100 8
43 64
-13 80
-68 76
-97 -65
23 48
-63 12
-15 93
-26 97
-90 53
-67 22
-63 10
18 30
-79 14
-22 92
-37 33
-11 96
46 69
-40 -26
69 85
-99 99
-7 55
